0000: 06 31 00 32 00 33 00 00 00 00 00 00 00 00 00 00
0010: 00 00 00 00 00 00 00 00 00 00 00 00 00 00 00 12
0020: 81 1e 00 00 7d 41 1e 00 00 bb 81 1f 00 00 7d 41
0030: 1f 00 00 bc 81 20 00 00 ea 41 20 00 01 19 81 21
0040: 00 00 9c 41 21 00 00 bc 81 22 00 00 6d 41 22 00
0050: 00 cb 81 23 00 00 9d 41 23 00 01 a6 81 24 00 00
0060: 9c 41 24 00 01 48 81 25 00 00 ac 41 25 00 00 cb
0070: 81 26 00 00 7d 41 26 00 00 03 e8 00 00 00 5d 81
0080: 50 00 00 2f 41 51 00 00 4e 41 50 00 00 03 81 4f
0090: 00 00 3f 81 52 00 00 6d 41 4f 00 00 2f 80 20 00
00a0: 00 03 41 52 00 00 10 81 50 00 00 1f 40 20 00 00
00b0: 3f 41 50 00 00 03 81 4f 00 00 4e 81 51 00 00 6d
00c0: 41 4f 00 00 03 41 51 00 00 10 81 50 00 00 4e 41
00d0: 50 00 00 03 81 4f 00 00 0f 81 51 00 00 2f 81 52
00e0: 00 00 3f 80 20 00 00 03 81 50 00 00 0f 41 4f 00
00f0: 00 20 41 51 00 00 03 81 4f 00 00 2f 40 20 00 00
