0000: 06 37 00 38 00 39 00 00 00 00 00 00 00 00 00 00
0010: 00 00 00 00 00 00 00 00 00 00 00 00 00 00 00 08
0020: 81 1e 00 00 ac 41 1e 00 00 ac 81 21 00 00 8d 41
0030: 21 00 00 ea 81 22 00 00 9c 41 22 00 00 cc 81 1f
0040: 00 00 7d 41 1f 00 00 03 8e 00 00 00 8d 41 2c 00
0050: 00 3e 81 14 00 00 5e 81 18 00 00 2f 41 14 00 00
0060: 1f 41 18 00 00 7d 81 0c 00 00 5e 41 0c 00 00 5d
0070: 81 06 00 00 4f 41 06 00 00 8c 81 0e 00 00 4e 41
0080: 0e 00 00 db 81 2c 00 00 7d 41 2c 00 00 6d 81 05
0090: 00 00 5e 41 05 00 00 cb 81 15 00 00 5e 81 12 00
00a0: 00 1f 41 15 00 00 4e 41 12 00 00 3f 81 1a 00 00
00b0: 5e 41 1a 00 00 9c 81 11 00 00 4e 41 11 00 00 7d
00c0: 81 2c 00 00 6d 41 2c 00 00 5e 81 09 00 00 6e 41
00d0: 09 00 00 3e 81 12 00 00 7d 41 12 00 00 9c 81 1b
00e0: 00 00 5e 41 1b 00 00 1f 81 2c 00 00 8d 41 2c 00
00f0: 00 5e 81 0d 00 00 5d 41 0d 00 00 6e 81 18 00 00
